1.0,0.0,0.0,0.0,0.10846522890932808,0.2581988897471611,0.41079191812887456,0.37573457465108967,0.19999999999999996,0.44038550605054416,0.21693045781865616,0.20761369963434992,0.22360679774997896,0.21483446221182984,0.0,0.07071067811865474,0.0,0.3410955201203233,0.2581988897471611,0.2795084971874737,0.12909944487358055,0.0,0.21693045781865616,0.0,0.0,0.3464101615137754,0.33806170189140655,0.12909944487358055,0.09759000729485333,0.15811388300841897,0.0,0.0,0.22360679774997896,0.22360679774997896,0.0,0.0,0.0,0.0,0.0,0.0,0.12909944487358055,0.0,0.14301938838683884,0.37370465934182984,0.19999999999999996,0.13801311186847084,0.14142135623730948,0.22360679774997896,0.0,0.1025978352085154,0.0,0.0,0.3098898934004561,0.09890707100936805,0.0,0.0,0.0,0.28284271247461895,0.0,0.20225995873897262,0.0,0.09128709291752768,0.0,0.0,0.05976143046671968,0.20225995873897262,0.2439750182371333,0.1556997888323046,0.14907119849998599,0.0,0.0,0.0,0.2581988897471611,0.27386127875258304,0.2581988897471611,0.09999999999999998,0.1860521018838127,0.1538967528127731,0.22360679774997896,0.22360679774997896,0.4016096644512494,0.06741998624632421,0.0,0.07453559924999299,0.0,0.22360679774997896,0.18257418583505536,0.23836564731139803,0.22360679774997896,0.0,0.3784446313307283,0.19518001458970666,0.11180339887498948,0.0,0.12909944487358055,0.0,0.22360679774997896,0.22360679774997896,0.0,0.40976877353111474,0.3689323936863109,0.08451542547285164,0.0,0.22360679774997896,0.2581988897471611,0.0,0.09128709291752768,0.27386127875258304,0.15811388300841897,0.0
0.0,1.0,0.0,0.0,0.17149858514250882,0.0,0.0,0.0,0.0,0.0,0.0,0.0,0.0,0.0,0.0,0.0,0.0,0.0,0.0,0.0,0.0,0.0,0.0,0.0,0.0,0.0,0.0,0.0,0.1543033499620919,0.0,0.0,0.0,0.0,0.0,0.0,0.0,0.0,0.0,0.0,0.0,0.0,0.0,0.1507556722888818,0.0,0.0,0.0,0.0,0.0,0.0,0.32444284226152503,0.0,0.0,0.08908708063747478,0.20851441405707474,0.0,0.0,0.0,0.0,0.0,0.0,0.0,0.0,0.0,0.0,0.0,0.0,0.1543033499620919,0.12309149097933272,0.0,0.0,0.0,0.0,0.0,0.2886751345948129,0.0,0.0,0.0,0.0,0.0,0.08838834764831843,0.0,0.21320071635561041,0.0,0.2357022603955158,0.0,0.0,0.0,0.0,0.0,0.0,0.0,0.1543033499620919,0.0,0.0,0.0,0.0,0.0,0.0,0.0,0.086386842558136,0.0,0.0,0.0,0.0,0.0,0.0,0.0,0.0,0.0,0.0
0.0,0.0,1.0,0.0,0.0,0.0,0.0,0.14002800840280097,0.4472135954999579,0.12309149097933272,0.24253562503633297,0.18569533817705186,0.5,0.0,0.0,0.31622776601683794,0.0,0.1386750490563073,0.0,0.0,0.0,0.0,0.0,0.0,0.0,0.0,0.0,0.0,0.0,0.0,1.0,0.0,0.0,0.0,0.0,0.3333333333333333,0.0,0.0,0.0,0.0,0.0,1.0,0.0,0.18569533817705186,0.0,0.1543033499620919,0.0,0.0,1.0,0.0,0.0,0.0,0.1259881576697424,0.14744195615489714,0.0,0.0,0.0,0.0,0.0,0.15075567228888181,0.0,0.0,0.0,0.0,0.0,0.0,0.0,0.0,0.0,0.0,0.0,1.0,0.19245008972987526,0.0,0.0,0.0,0.0,0.0,0.0,0.125,0.0,0.0,0.0,0.0,0.0,0.0,0.0,0.21320071635561041,0.0,0.0,0.13018891098082389,0.0,0.0,0.0,0.0,1.0,0.0,0.0,0.0,0.0,0.23570226039551587,0.0,0.0,0.0,0.0,0.0,0.0,0.0,0.0,0.0
0.0,0.0,0.0,1.0,0.0,0.0,0.0,0.0,0.0,0.07106690545187015,0.0,0.214422506967559,0.0,0.09245003270420486,0.0,0.18257418583505536,0.0,0.0,0.0,0.14433756729740646,0.0,0.0,0.140028008402801,0.0,0.0,0.0,0.0,0.0,0.0,0.13608276348795434,0.0,0.0,0.0,0.0,0.23570226039551587,0.0,0.0,0.0,0.0,0.0,0.1111111111111111,0.0,0.0,0.0,0.0,0.0890870806374748,0.0,0.0,0.0,0.0,0.0,0.0,0.07273929674533079,0.08512565307587486,0.0,0.0,0.0,0.0,0.0,0.08703882797784893,0.0,0.0,0.0,0.0,0.0,0.0,0.12598815766974242,0.10050378152592121,0.19245008972987526,0.0,0.0,0.0,0.1111111111111111,0.23570226039551587,0.0,0.0,0.16012815380508716,0.0,0.0,0.07216878364870323,0.10369516947304255,0.0,0.0,0.0,0.0,0.0,0.23570226039551587,0.0,0.0,0.0,0.2254938084008487,0.0,0.0,0.23570226039551587,0.0,0.0,0.0,0.0,0.0,0.14106912317171966,0.13608276348795434,0.0,0.0,0.0,0.0,0.0,0.23570226039551587,0.23570226039551587,0.0,0.2886751345948129
0.10846522890932808,0.17149858514250882,0.0,0.0,1.0,0.0,0.14852213144650114,0.16980890270283108,0.0,0.298540717013266,0.23529411764705882,0.1351132047333135,0.0,0.19418390934515434,0.0,0.07669649888473704,0.0,0.16816819849907813,0.0,0.0,0.140028008402801,0.0,0.0,0.0,0.0,0.06262242910851494,0.09166984970282112,0.0,0.21170244960998524,0.17149858514250885,0.0,0.0,0.0,0.0,0.09901475429766744,0.08084520834544433,0.280056016805602,0.0,0.0,0.0,0.18670401120373464,0.0,0.10341753799900383,0.22518867455552252,0.0,0.11227217828476796,0.07669649888473704,0.0,0.0,0.11128297681493142,0.24253562503633297,0.0,0.24445293254085634,0.03575992699260758,0.0,0.0,0.17149858514250882,0.07669649888473704,0.15339299776947407,0.14625448482542613,0.0,0.09901475429766744,0.24253562503633297,0.0,0.12964074471043288,0.0,0.05292561240249631,0.16888013236829963,0.08084520834544433,0.0,0.0,0.0,0.0,0.09901475429766744,0.0,0.0,0.26906911759852503,0.11128297681493142,0.0,0.21221867190679136,0.13068205256070964,0.07312724241271307,0.0,0.242535625036333,0.17149858514250882,0.0,0.0,0.051708768999501914,0.0,0.0,0.22102814228273543,0.21170244960998524,0.0,0.0,0.0,0.0,0.0,0.0,0.24253562503633297,0.29630442547297986,0.17149858514250885,0.0,0.0,0.0,0.2100420126042015,0.08574929257125441,0.0,0.19802950859533489,0.17149858514250882,0.0
0.2581988897471611,0.0,0.0,0.0,0.0,1.0,0.0,0.16169041669088866,0.0,0.21320071635561044,0.0,0.1072112534837795,0.0,0.0,0.0,0.0,0.0,0.0,0.0,0.2886751345948129,0.0,0.0,0.140028008402801,0.0,0.0,0.0,0.0,0.0,0.0,0.0,0.0,0.0,0.0,0.0,0.0,0.0,0.0,0.0,0.0,0.0,0.0,0.0,0.0,0.0,0.0,0.0,0.0,0.0,0.0,0.0,0.0,0.0,0.0,0.0,0.0,0.0,0.0,0.0,0.0,0.0,0.0,0.0,0.0,0.0,0.0,0.0,0.25197631533948484,0.10050378152592121,0.0,0.0,0.0,0.0,0.2222222222222222,0.0,0.0,0.0,0.0,0.0,0.0,0.0,0.2073903389460851,0.0,0.0,0.0,0.0,0.0,0.0,0.0,0.0,0.0,0.07516460280028289,0.0,0.0,0.0,0.0,0.0,0.0,0.0,0.0,0.14106912317171966,0.0,0.0,0.0,0.0,0.0,0.0,0.0,0.0,0.0,0.0
0.41079191812887456,0.0,0.0,0.0,0.14852213144650114,0.0,1.0,0.3715802678087692,0.27386127875258304,0.4271410714851651,0.2475368857441686,0.18952451089472588,0.3061862178478973,0.42491829279939874,0.0,0.0,0.0,0.36799003609699366,0.23570226039551587,0.20412414523193154,0.11785113019775793,0.0,0.19802950859533489,0.0,0.0,0.26352313834736496,0.23145502494313785,0.11785113019775793,0.35634832254989923,0.14433756729740646,0.0,0.0,0.20412414523193154,0.0,0.25000000000000006,0.0,0.0,0.14433756729740646,0.0,0.0,0.15713484026367722,0.0,0.2175970699446223,0.3032392174315614,0.3651483716701107,0.22047927592204922,0.12909944487358058,0.10206207261596577,0.0,0.1873171623163388,0.0,0.0,0.3086066999241838,0.1203858530857692,0.09128709291752768,0.0,0.0,0.32274861218395146,0.06454972243679029,0.18463723646899913,0.0,0.08333333333333334,0.0,0.0,0.0,0.12309149097933275,0.17817416127494962,0.2842676218074806,0.13608276348795434,0.0,0.0,0.0,0.19641855032959654,0.25000000000000006,0.11785113019775793,0.0,0.28306925853614895,0.1873171623163388,0.20412414523193154,0.28067069969390585,0.40327956630872164,0.061545745489666376,0.23570226039551587,0.20412414523193154,0.0,0.0,0.16666666666666669,0.3046358979224712,0.20412414523193154,0.0,0.4517699029348239,0.35634832254989923,0.0,0.0,0.11785113019775793,0.0,0.0,0.20412414523193154,0.20412414523193154,0.4738169346511256,0.2405626121623441,0.1543033499620919,0.0,0.20412414523193154,0.23570226039551587,0.21650635094610968,0.16666666666666669,0.25000000000000006,0.0,0.0
0.37573457465108967,0.0,0.14002800840280097,0.0,0.16980890270283108,0.16169041669088866,0.3715802678087692,1.0,0.25048971643405976,0.4309064083291826,0.23773246378396354,0.2860280321207891,0.21004201260420147,0.29149154406506866,0.0,0.2656844656620286,0.14002800840280097,0.4660413824283704,0.16169041669088866,0.1750350105035012,0.16169041669088866,0.0,0.16980890270283108,0.0,0.14002800840280097,0.32539568672798425,0.15877683720748895,0.16169041669088866,0.27500954910846337,0.26403934479377983,0.14002800840280097,0.0,0.14002800840280097,0.14002800840280097,0.1143323900950059,0.140028008402801,0.0,0.19802950859533483,0.14002800840280097,0.14002800840280097,0.24253562503633297,0.14002800840280097,0.2089785019092862,0.3120305804954063,0.18786728732554484,0.36731544334622646,0.17712297710801903,0.07001400420140048,0.14002800840280097,0.1927477698609706,0.0,0.0,0.511614253224131,0.10323001737691674,0.12524485821702988,0.09901475429766741,0.0,0.2214037213850238,0.08856148855400951,0.35887028128263665,0.14002800840280097,0.05716619504750295,0.0,0.14002800840280097,0.11227217828476796,0.0844400661841498,0.18333969940564226,0.2681332221799479,0.18670401120373464,0.0,0.0,0.14002800840280097,0.24253562503633297,0.1143323900950059,0.08084520834544433,0.3131121455425747,0.19418390934515434,0.25699702648129413,0.14002800840280097,0.4025805241580528,0.3520968183794998,0.21110016546037452,0.08084520834544433,0.09335200560186732,0.0,0.0,0.17149858514250885,0.298540717013266,0.0,0.0,0.4557523480193578,0.3055661656760704,0.14002800840280097,0.0,0.16169041669088866,0.14002800840280097,0.0,0.14002800840280097,0.0,0.44478574350314604,0.26403934479377983,0.15877683720748895,0.0,0.0,0.3233808333817773,0.14852213144650112,0.05716619504750295,0.2858309752375147,0.0,0.07001400420140048
0.19999999999999996,0.0,0.4472135954999579,0.0,0.0,0.0,0.27386127875258304,0.25048971643405976,1.0,0.2752409412815901,0.10846522890932808,0.41522739926869984,0.22360679774997896,0.14322297480788657,0.0,0.14142135623730948,0.0,0.24806946917841693,0.0,0.0,0.0,0.0,0.0,0.31622776601683794,0.0,0.23094010767585027,0.0,0.2581988897471611,0.0,0.10540925533894598,0.4472135954999579,0.0,0.0,0.0,0.0,0.14907119849998599,0.0,0.0,0.0,0.0,0.08606629658238703,0.4472135954999579,0.09534625892455921,0.2491364395612199,0.0,0.20701966780270625,0.14142135623730948,0.22360679774997896,0.4472135954999579,0.1025978352085154,0.0,0.0,0.2253744679276044,0.0659380473395787,0.0,0.0,0.0,0.28284271247461895,0.0,0.06741998624632421,0.0,0.0,0.0,0.0,0.0,0.13483997249264842,0.0,0.0778498944161523,0.0,0.0,0.0,0.4472135954999579,0.08606629658238703,0.0,0.0,0.0,0.0,0.1025978352085154,0.4472135954999579,0.2795084971874737,0.08032193289024989,0.0,0.0,0.14907119849998599,0.0,0.0,0.0,0.28603877677367767,0.0,0.0,0.291111254869791,0.0,0.0,0.0,0.0,0.4472135954999579,0.0,0.0,0.0,0.1639075094124459,0.31622776601683794,0.16903085094570328,0.0,0.0,0.12909944487358055,0.15811388300841897,0.3651483716701107,0.3651483716701107,0.0,0.0
0.44038550605054416,0.0,0.12309149097933272,0.07106690545187015,0.298540717013266,0.21320071635561044,0.4271410714851651,0.4309064083291826,0.2752409412815901,1.0,0.447811075519899,0.3885777727501203,0.1846372364689991,0.4139186771923578,0.12309149097933272,0.15569978883230456,0.0,0.5291612750491621,0.21320071635561044,0.24618298195866545,0.0,0.0,0.2388325736106128,0.08703882797784891,0.0,0.3813850356982369,0.23262105259961768,0.1421338109037403,0.2954684201426394,0.26111648393354675,0.12309149097933272,0.12309149097933272,0.12309149097933272,0.12309149097933272,0.30151134457776363,0.24618298195866545,0.1421338109037403,0.17407765595569782,0.0,0.0,0.3079565902914373,0.12309149097933272,0.20994555243259116,0.41143528879424496,0.22019275302527208,0.3798685881987931,0.23354968324845685,0.06154574548966636,0.12309149097933272,0.1976738731537167,0.12309149097933272,0.12309149097933272,0.5427824560657747,0.1633396519441412,0.2752409412815901,0.08703882797784891,0.08703882797784891,0.272474630456533,0.272474630456533,0.5010319928420137,0.12309149097933272,0.10050378152592121,0.12309149097933272,0.0,0.23028309323591914,0.18556740475630137,0.24174688920761409,0.14999234752441917,0.20515248496555455,0.12309149097933272,0.12309149097933272,0.12309149097933272,0.23688968483956713,0.20100756305184242,0.07106690545187015,0.16514456476895406,0.2389760596996216,0.28239124736245247,0.12309149097933272,0.44620665480008115,0.4421576882853819,0.1484539238050411,0.0,0.32824397594488725,0.08703882797784891,0.12309149097933272,0.251259453814803,0.3936479108111084,0.12309149097933272,0.0,0.5769052978177884,0.26860765467512676,0.24618298195866545,0.050251890762960605,0.07106690545187015,0.12309149097933272,0.12309149097933272,0.12309149097933272,0.12309149097933272,0.5263306670276983,0.4061811972299616,0.04652421051992354,0.0,0.12309149097933272,0.31980107453341566,0.21759706994462227,0.251259453814803,0.251259453814803,0.17407765595569782,0.0
0.21693045781865616,0.0,0.24253562503633297,0.0,0.23529411764705882,0.0,0.2475368857441686,0.23773246378396354,0.10846522890932808,0.447811075519899,1.0,0.1351132047333135,0.36380343755449945,0.27185747308321606,0.0,0.07669649888473704,0.0,0.3027027572983406,0.280056016805602,0.12126781251816648,0.0,0.0,0.17647058823529413,0.0,0.0,0.06262242910851494,0.18333969940564224,0.140028008402801,0.21170244960998524,0.3429971702850177,0.24253562503633297,0.0,0.24253562503633297,0.24253562503633297,0.09901475429766744,0.242535625036333,0.140028008402801,0.0,0.0,0.0,0.09335200560186732,0.24253562503633297,0.051708768999501914,0.270226409466627,0.0,0.22454435656953592,0.30678599553894814,0.0,0.24253562503633297,0.05564148840746571,0.24253562503633297,0.0,0.2138963159732493,0.10727978097782273,0.0,0.0,0.17149858514250882,0.07669649888473704,0.15339299776947407,0.4753270756826349,0.0,0.09901475429766744,0.24253562503633297,0.0,0.06482037235521644,0.07312724241271307,0.15877683720748895,0.08444006618414981,0.242535625036333,0.0,0.0,0.24253562503633297,0.18670401120373464,0.19802950859533489,0.0,0.0,0.26906911759852503,0.11128297681493142,0.0,0.24253562503633297,0.2613641051214193,0.07312724241271307,0.0,0.08084520834544433,0.17149858514250882,0.0,0.19802950859533489,0.20683507599800766,0.0,0.0,0.34732993787287,0.05292561240249631,0.12126781251816648,0.0,0.0,0.24253562503633297,0.0,0.0,0.0,0.3259348680202779,0.3429971702850177,0.09166984970282112,0.0,0.0,0.35007002100700246,0.08574929257125441,0.09901475429766744,0.09901475429766744,0.0,0.0
0.20761369963434992,0.0,0.18569533817705186,0.214422506967559,0.1351132047333135,0.1072112534837795,0.18952451089472588,0.2860280321207891,0.41522739926869984,0.3885777727501203,0.1351132047333135,1.0,0.09284766908852593,0.14867525836251314,0.0,0.29361010975735174,0.0,0.20601048104984193,0.0,0.09284766908852593,0.0,0.18569533817705186,0.180150939644418,0.13130643285972254,0.18569533817705186,0.2876779808912305,0.0,0.1072112534837795,0.040522044923655395,0.13130643285972257,0.18569533817705186,0.0,0.0,0.0,0.07580980435789035,0.1856953381770519,0.1072112534837795,0.0,0.0,0.0,0.2858966759567453,0.18569533817705186,0.1583615164929792,0.24137931034482762,0.0,0.17192047651837586,0.23488808780588138,0.09284766908852593,0.18569533817705186,0.08520286456846099,0.0,0.0,0.3743266167165848,0.13689641954834839,0.0,0.0,0.13130643285972254,0.17616606585441102,0.058722021951470346,0.3639301321213053,0.18569533817705186,0.07580980435789035,0.18569533817705186,0.0,0.0,0.05598925109558543,0.20261022461827696,0.22627786434233257,0.061898446059017294,0.0,0.0,0.18569533817705186,0.214422506967559,0.07580980435789035,0.0,0.3321819194149599,0.10300524052492097,0.12780429685269148,0.18569533817705186,0.3017549245377093,0.13340746919301402,0.0,0.0,0.12379689211803459,0.0,0.18569533817705186,0.07580980435789035,0.11877113736973438,0.0,0.0,0.3142811600693205,0.08104408984731079,0.09284766908852593,0.0,0.0,0.18569533817705186,0.18569533817705186,0.0,0.18569533817705186,0.294921851700406,0.21884405476620428,0.1403724812687193,0.0,0.0,0.1072112534837795,0.06565321642986127,0.22742941307367104,0.22742941307367104,0.0,0.09284766908852593
0.22360679774997896,0.0,0.5,0.0,0.0,0.0,0.3061862178478973,0.21004201260420147,0.22360679774997896,0.1846372364689991,0.36380343755449945,0.09284766908852593,1.0,0.08006407690254357,0.0,0.15811388300841897,0.0,0.1386750490563073,0.2886751345948129,0.125,0.0,0.0,0.12126781251816648,0.0,0.0,0.0,0.1889822365046136,0.0,0.2182178902359924,0.11785113019775793,0.5,0.0,0.5,0.0,0.0,0.16666666666666666,0.0,0.0,0.0,0.0,0.0,0.5,0.0,0.09284766908852593,0.0,0.1543033499620919,0.0,0.0,0.5,0.11470786693528087,0.0,0.0,0.1889822365046136,0.07372097807744857,0.0,0.0,0.0,0.0,0.0,0.15075567228888181,0.0,0.0,0.0,0.0,0.0,0.0,0.1091089451179962,0.08703882797784893,0.16666666666666666,0.0,0.0,0.5,0.19245008972987526,0.20412414523193154,0.0,0.0,0.0,0.0,0.0,0.0625,0.1796053020267749,0.0,0.2886751345948129,0.0,0.0,0.0,0.20412414523193154,0.21320071635561041,0.0,0.0,0.19528336647123581,0.1091089451179962,0.0,0.0,0.0,0.5,0.0,0.0,0.0,0.12216944435630522,0.23570226039551587,0.1889822365046136,0.0,0.0,0.14433756729740646,0.0,0.0,0.0,0.0,0.0
0.21483446221182984,0.0,0.0,0.09245003270420486,0.19418390934515434,0.0,0.42491829279939874,0.29149154406506866,0.14322297480788657,0.4139186771923578,0.27185747308321606,0.14867525836251314,0.08006407690254357,1.0,0.16012815380508713,0.15191090506254998,0.0,0.44411559168432757,0.2773500981126146,0.16012815380508713,0.2773500981126146,0.0,0.2330206912141852,0.11322770341445956,0.0,0.24806946917841688,0.12104550653376046,0.09245003270420486,0.2795426231258449,0.1887128390240993,0.0,0.0,0.0,0.0,0.3922322702763681,0.10675210253672475,0.09245003270420486,0.0,0.0,0.0,0.30816677568068285,0.0,0.30725493389951347,0.35682062007003157,0.07161148740394328,0.4200412794412906,0.15191090506254998,0.0,0.0,0.2204155075111935,0.0,0.0,0.3227880174233613,0.16526725762745997,0.0,0.0,0.0,0.15191090506254998,0.050636968354183326,0.26554250227189713,0.0,0.0,0.0,0.0,0.04279604925109129,0.0,0.20965696734438366,0.3344968040028363,0.3202563076101742,0.16012815380508713,0.16012815380508713,0.0,0.24653342054454627,0.19611613513818404,0.09245003270420486,0.0,0.3108809141790293,0.33062326126679026,0.0,0.32025630761017426,0.3451183851258305,0.14484136487558028,0.0,0.10675210253672475,0.0,0.16012815380508713,0.2614881801842454,0.40967324519935133,0.0,0.0,0.5003258390700999,0.17471413945365305,0.08006407690254357,0.0,0.18490006540840973,0.0,0.16012815380508713,0.0,0.0,0.39125535152336954,0.264197974633739,0.0,0.0,0.0,0.32357511446471704,0.22645540682891913,0.3268602252303067,0.19611613513818404,0.11322770341445956,0.0
0.0,0.0,0.0,0.0,0.0,0.0,0.0,0.0,0.0,0.12309149097933272,0.0,0.0,0.0,0.16012815380508713,1.0,0.0,0.0,0.1386750490563073,0.5773502691896258,0.0,0.0,0.0,0.0,0.0,0.0,0.2581988897471611,0.0,0.0,0.0,0.0,0.0,0.0,0.0,0.0,0.4082482904638631,0.0,0.0,0.0,0.0,0.0,0.0,0.0,0.0,0.0,0.0,0.0,0.0,0.0,0.0,0.0,0.0,0.0,0.1259881576697424,0.0,0.0,0.0,0.0,0.0,0.0,0.0,0.0,0.0,0.0,0.0,0.0,0.0,0.0,0.0,0.0,1.0,1.0,0.0,0.0,0.0,0.0,0.0,0.0,0.0,0.0,0.0,0.0,0.0,0.0,0.0,0.0,0.0,0.0,0.0,0.0,0.0,0.0,0.0,0.5,0.0,0.5773502691896258,0.0,0.0,0.0,0.0,0.0,0.0,0.0,0.0,0.0,0.0,0.0,0.0,0.0,0.0,0.0
0.07071067811865474,0.0,0.31622776601683794,0.18257418583505536,0.07669649888473704,0.0,0.0,0.2656844656620286,0.14142135623730948,0.15569978883230456,0.07669649888473704,0.29361010975735174,0.15811388300841897,0.15191090506254998,0.0,1.0,0.0,0.1315587028960544,0.0,0.07905694150420949,0.18257418583505536,0.0,0.15339299776947407,0.0,0.0,0.24494897427831777,0.0,0.0,0.06900655593423542,0.0,0.31622776601683794,0.0,0.0,0.0,0.12909944487358058,0.10540925533894598,0.0,0.0,0.31622776601683794,0.0,0.30429030972509225,0.31622776601683794,0.0674199862463242,0.23488808780588138,0.0,0.24397501823713327,0.0,0.0,0.31622776601683794,0.07254762501100116,0.0,0.0,0.2788866755113585,0.046625240412015684,0.0,0.0,0.0,0.0,0.0,0.2383656473113981,0.0,0.0,0.0,0.0,0.0,0.0,0.20701966780270628,0.22019275302527214,0.21081851067789195,0.0,0.0,0.31622776601683794,0.24343224778007377,0.12909944487358058,0.0,0.28284271247461895,0.08770580193070293,0.14509525002200233,0.0,0.1976423537605237,0.17038855027411945,0.0,0.0,0.0,0.0,0.0,0.12909944487358058,0.2022599587389726,0.0,0.0,0.24701609087778548,0.13801311186847084,0.0,0.0,0.0,0.31622776601683794,0.0,0.0,0.0,0.30906696371450226,0.223606797749979,0.0,0.0,0.0,0.09128709291752768,0.0,0.12909944487358058,0.12909944487358058,0.0,0.0
0.0,0.0,0.0,0.0,0.0,0.0,0.0,0.14002800840280097,0.0,0.0,0.0,0.0,0.0,0.0,0.0,0.0,1.0,0.0,0.0,0.0,0.0,0.0,0.0,0.0,0.0,0.0,0.0,0.0,0.0,0.0,0.0,0.0,0.0,0.0,0.0,0.0,0.0,0.0,0.0,0.0,0.0,0.0,0.0,0.0,0.0,0.0,0.0,0.0,0.0,0.0,0.0,0.0,0.1259881576697424,0.0,0.0,0.0,0.0,0.0,0.0,0.0,0.0,0.0,0.0,0.0,0.0,0.0,0.0,0.0,0.0,0.0,0.0,0.0,0.0,0.0,0.0,0.0,0.0,0.0,0.0,0.125,0.0,0.0,0.0,0.0,0.0,0.0,0.0,0.0,0.0,0.0,0.13018891098082389,0.0,0.0,0.0,0.0,0.0,0.0,0.0,0.0,0.0,0.0,0.0,0.0,0.0,0.0,0.0,0.0,0.0,0.0,0.0
0.3410955201203233,0.0,0.1386750490563073,0.0,0.16816819849907813,0.0,0.36799003609699366,0.4660413824283704,0.24806946917841693,0.5291612750491621,0.3027027572983406,0.20601048104984193,0.1386750490563073,0.44411559168432757,0.1386750490563073,0.1315587028960544,0.0,1.0,0.16012815380508716,0.1386750490563073,0.16012815380508716,0.0,0.20180183819889375,0.0,0.1386750490563073,0.25064020591380154,0.20965696734438366,0.16012815380508716,0.36313651960128146,0.35954624775333743,0.1386750490563073,0.1386750490563073,0.0,0.1386750490563073,0.16984155512168939,0.1386750490563073,0.16012815380508716,0.19611613513818402,0.0,0.0,0.2935682819759931,0.1386750490563073,0.17739371879672478,0.4377722722309141,0.31008683647302115,0.42796049251091295,0.21926450482675733,0.20801257358446093,0.1386750490563073,0.2863281433391,0.0,0.0,0.5066710044155939,0.16357216402190614,0.24806946917841693,0.09805806756909201,0.09805806756909201,0.30697030675746023,0.1315587028960544,0.39721495475336815,0.0,0.056613851707229795,0.0,0.1386750490563073,0.3335621924974956,0.16724840200141816,0.18156825980064073,0.16898159235484367,0.23112508176051216,0.1386750490563073,0.1386750490563073,0.1386750490563073,0.18681617943926834,0.11322770341445959,0.0,0.12403473458920847,0.2692307692307693,0.31814238148788887,0.1386750490563073,0.36402200377280663,0.42341515917871025,0.25087260300212727,0.08006407690254358,0.1386750490563073,0.0,0.0,0.16984155512168939,0.35478743759344955,0.1386750490563073,0.0,0.5777265157392951,0.2723523897009611,0.2773500981126146,0.0,0.08006407690254358,0.1386750490563073,0.0,0.1386750490563073,0.0,0.4235463422323107,0.4576043153224295,0.20965696734438366,0.0,0.1386750490563073,0.20016019225635895,0.19611613513818402,0.11322770341445959,0.11322770341445959,0.09805806756909201,0.0
0.2581988897471611,0.0,0.0,0.0,0.0,0.0,0.23570226039551587,0.16169041669088866,0.0,0.21320071635561044,0.280056016805602,0.0,0.2886751345948129,0.2773500981126146,0.5773502691896258,0.0,0.0,0.16012815380508716,1.0,0.2886751345948129,0.0,0.0,0.280056016805602,0.0,0.0,0.14907119849998599,0.0,0.0,0.25197631533948484,0.2721655269759087,0.0,0.0,0.0,0.0,0.23570226039551587,0.0,0.0,0.0,0.0,0.0,0.0,0.0,0.0,0.1072112534837795,0.0,0.1781741612749496,0.18257418583505536,0.0,0.0,0.0,0.0,0.0,0.07273929674533079,0.0,0.0,0.0,0.0,0.18257418583505536,0.0,0.17407765595569785,0.0,0.0,0.0,0.0,0.0,0.0,0.25197631533948484,0.20100756305184242,0.3849001794597505,0.5773502691896258,0.5773502691896258,0.0,0.2222222222222222,0.47140452079103173,0.0,0.0,0.16012815380508716,0.0,0.0,0.07216878364870323,0.2073903389460851,0.0,0.0,0.0,0.0,0.0,0.47140452079103173,0.24618298195866545,0.0,0.0,0.15032920560056579,0.0,0.2886751345948129,0.0,0.33333333333333337,0.0,0.0,0.0,0.0,0.07053456158585983,0.2721655269759087,0.0,0.0,0.0,0.33333333333333337,0.0,0.0,0.0,0.0,0.0
0.2795084971874737,0.0,0.0,0.14433756729740646,0.0,0.2886751345948129,0.20412414523193154,0.1750350105035012,0.0,0.24618298195866545,0.12126781251816648,0.09284766908852593,0.125,0.16012815380508713,0.0,0.07905694150420949,0.0,0.1386750490563073,0.2886751345948129,1.0,0.0,0.0,0.7882407813680822,0.0,0.0,0.06454972243679027,0.0944911182523068,0.0,0.2182178902359924,0.11785113019775793,0.0,0.0,0.0,0.0,0.10206207261596577,0.0,0.14433756729740646,0.0,0.0,0.0,0.048112522432468816,0.0,0.053300179088902604,0.1392715036327889,0.11180339887498948,0.23145502494313785,0.15811388300841897,0.0,0.0,0.11470786693528087,0.0,0.0,0.1259881576697424,0.07372097807744857,0.0,0.0,0.0,0.07905694150420949,0.0,0.07537783614444091,0.0,0.0,0.0,0.0,0.0668153104781061,0.07537783614444091,0.7637626158259734,0.565752381856018,0.5,0.0,0.0,0.0,0.769800358919501,0.5103103630798288,0.0,0.0,0.06933752452815364,0.11470786693528087,0.0,0.15625,0.26940795304016235,0.07537783614444091,0.0,0.16666666666666666,0.0,0.0,0.6123724356957946,0.26650089544451305,0.25,0.0,0.16273613872602985,0.0545544725589981,0.0,0.0,0.0,0.0,0.0,0.0,0.0,0.18325416653445784,0.23570226039551587,0.0,0.0,0.25,0.14433756729740646,0.0,0.10206207261596577,0.10206207261596577,0.0,0.0
0.12909944487358055,0.0,0.0,0.0,0.140028008402801,0.0,0.11785113019775793,0.16169041669088866,0.0,0.0,0.0,0.0,0.0,0.2773500981126146,0.0,0.18257418583505536,0.0,0.16012815380508716,0.0,0.0,1.0,0.0,0.0,0.0,0.0,0.14907119849998599,0.0,0.0,0.12598815766974242,0.0,0.0,0.0,0.0,0.0,0.0,0.0,0.33333333333333337,0.0,0.0,0.0,0.3333333333333333,0.0,0.24618298195866545,0.214422506967559,0.0,0.0890870806374748,0.0,0.0,0.0,0.13245323570650439,0.0,0.0,0.21821789023599236,0.0,0.0,0.0,0.0,0.0,0.0,0.08703882797784893,0.0,0.0,0.0,0.0,0.0,0.0,0.12598815766974242,0.30151134457776363,0.3849001794597505,0.0,0.0,0.0,0.2222222222222222,0.0,0.33333333333333337,0.0,0.4803844614152615,0.26490647141300877,0.0,0.14433756729740646,0.0,0.0,0.0,0.0,0.0,0.0,0.0,0.0,0.0,0.0,0.15032920560056579,0.0,0.0,0.0,0.33333333333333337,0.0,0.0,0.0,0.0,0.21160368475757949,0.0,0.0,0.0,0.0,0.33333333333333337,0.0,0.0,0.0,0.0,0.0
0.0,0.0,0.0,0.0,0.0,0.0,0.0,0.0,0.0,0.0,0.0,0.18569533817705186,0.0,0.0,0.0,0.0,0.0,0.0,0.0,0.0,0.0,1.0,0.0,0.0,0.0,0.0,0.0,0.0,0.0,0.0,0.0,0.0,0.0,0.0,0.0,0.0,0.0,0.0,0.0,0.0,0.0,0.0,0.21320071635561041,0.0,0.0,0.0,0.0,0.0,0.0,0.0,0.0,0.0,0.1259881576697424,0.0,0.0,0.0,0.0,0.0,0.0,0.0,0.0,0.0,0.0,0.0,0.0,0.0,0.0,0.0,0.0,0.0,0.0,0.0,0.0,0.0,0.0,0.0,0.0,0.0,0.0,0.0,0.0,0.0,0.0,0.0,0.0,0.0,0.0,0.0,0.0,0.0,0.0,0.0,0.0,0.0,0.0,0.0,0.0,0.0,0.0,0.0,0.0,0.0,0.0,0.0,0.0,0.0,0.0,0.0,0.0,0.0
0.21693045781865616,0.0,0.0,0.140028008402801,0.0,0.140028008402801,0.19802950859533489,0.16980890270283108,0.0,0.2388325736106128,0.17647058823529413,0.180150939644418,0.12126781251816648,0.2330206912141852,0.0,0.15339299776947407,0.0,0.20180183819889375,0.280056016805602,0.7882407813680822,0.0,0.0,1.0,0.0,0.0,0.06262242910851494,0.09166984970282112,0.140028008402801,0.21170244960998524,0.1143323900950059,0.0,0.0,0.0,0.0,0.09901475429766744,0.0,0.140028008402801,0.0,0.0,0.0,0.04667600280093366,0.0,0.051708768999501914,0.1351132047333135,0.10846522890932808,0.2619684159977919,0.15339299776947407,0.0,0.0,0.16692446522239712,0.0,0.0,0.1527830828380352,0.07151985398521515,0.0,0.0,0.0,0.07669649888473704,0.0,0.10969086361906959,0.0,0.0,0.0,0.0,0.12964074471043288,0.07312724241271307,0.7938841860374447,0.5910804632890487,0.485071250072666,0.0,0.0,0.0,0.7468160448149386,0.4950737714883372,0.0,0.0,0.13453455879926252,0.16692446522239712,0.0,0.18190171877724973,0.3049247893083225,0.07312724241271307,0.0,0.16169041669088866,0.0,0.0,0.5940885257860046,0.3102526139970115,0.24253562503633297,0.0,0.22102814228273543,0.10585122480499262,0.0,0.0,0.0,0.0,0.0,0.0,0.0,0.14815221273648993,0.2286647801900118,0.0,0.0,0.24253562503633297,0.2100420126042015,0.0,0.19802950859533489,0.09901475429766744,0.0,0.0
0.0,0.0,0.0,0.0,0.0,0.0,0.0,0.0,0.31622776601683794,0.08703882797784891,0.0,0.13130643285972254,0.0,0.11322770341445956,0.0,0.0,0.0,0.0,0.0,0.0,0.0,0.0,0.0,1.0,0.0,0.0,0.0,0.0,0.0,0.0,0.0,0.0,0.0,0.0,0.0,0.0,0.0,0.0,0.0,0.0,0.0,0.0,0.1507556722888818,0.0,0.0,0.10910894511799617,0.22360679774997896,0.0,0.0,0.0,0.0,0.0,0.08908708063747478,0.0,0.0,0.0,0.0,0.0,0.0,0.0,0.0,0.0,0.0,0.0,0.0,0.0,0.0,0.0,0.0,0.0,0.0,0.0,0.0,0.0,0.0,0.0,0.0,0.16222142113076252,0.0,0.08838834764831843,0.0,0.0,0.0,0.0,0.0,0.0,0.0,0.1507556722888818,0.0,0.0,0.09205746178983235,0.0,0.0,0.0,0.0,0.0,0.0,0.0,0.0,0.0,0.0,0.0,0.0,0.0,0.0,0.0,0.2886751345948129,0.0,0.0,0.0
0.0,0.0,0.0,0.0,0.0,0.0,0.0,0.14002800840280097,0.0,0.0,0.0,0.18569533817705186,0.0,0.0,0.0,0.0,0.0,0.1386750490563073,0.0,0.0,0.0,0.0,0.0,0.0,1.0,0.0,0.0,0.0,0.0,0.0,0.0,0.0,0.0,0.0,0.0,0.0,0.0,0.0,0.0,0.0,0.19245008972987526,0.0,0.0,0.0,0.0,0.0,0.0,0.0,0.0,0.0,0.0,0.0,0.1259881576697424,0.14744195615489714,0.0,0.0,0.0,0.0,0.0,0.15075567228888181,0.0,0.0,0.0,0.0,0.0,0.0,0.0,0.0,0.0,0.0,0.0,0.0,0.0,0.0,0.0,0.4472135954999579,0.0,0.22941573387056174,0.0,0.125,0.0,0.0,0.0,0.0,0.0,0.0,0.0,0.0,0.0,0.0,0.0,0.0,0.0,0.0,0.0,0.0,0.0,0.0,0.0,0.12216944435630522,0.0,0.3779644730092272,0.0,0.0,0.0,0.0,0.0,0.0,0.0,0.0
0.3464101615137754,0.0,0.0,0.0,0.06262242910851494,0.0,0.26352313834736496,0.32539568672798425,0.23094010767585027,0.3813850356982369,0.06262242910851494,0.2876779808912305,0.0,0.24806946917841688,0.2581988897471611,0.24494897427831777,0.0,0.25064020591380154,0.14907119849998599,0.06454972243679027,0.14907119849998599,0.0,0.06262242910851494,0.0,0.0,1.0,0.1951800145897066,0.14907119849998599,0.0,0.06085806194501846,0.0,0.0,0.0,0.0,0.21081851067789195,0.17213259316477406,0.0,0.18257418583505533,0.0,0.0,0.29814239699997197,0.0,0.16514456476895406,0.3356243110397689,0.23094010767585027,0.07968190728895957,0.0816496580927726,0.12909944487358055,0.0,0.1777046633277277,0.0,0.0,0.2927700218845599,0.11420804814403214,0.11547005383792514,0.18257418583505533,0.0,0.24494897427831777,0.1632993161855452,0.1556997888323046,0.2581988897471611,0.0,0.0,0.0,0.0,0.23354968324845687,0.0563436169819011,0.044946657497549475,0.0,0.2581988897471611,0.2581988897471611,0.0,0.09938079899999065,0.10540925533894598,0.14907119849998599,0.3464101615137754,0.1432229748078866,0.05923488777590923,0.2581988897471611,0.3550234734023465,0.18549555830406733,0.0778498944161523,0.0,0.08606629658238703,0.0,0.2581988897471611,0.0,0.11009637651263604,0.2581988897471611,0.0,0.2016877936358443,0.3380617018914066,0.12909944487358055,0.0,0.29814239699997197,0.0,0.2581988897471611,0.0,0.0,0.31544014893825584,0.24343224778007383,0.0975900072948533,0.0,0.2581988897471611,0.14907119849998599,0.09128709291752767,0.10540925533894598,0.4216370213557839,0.0,0.0
0.33806170189140655,0.0,0.0,0.0,0.09166984970282112,0.0,0.23145502494313785,0.15877683720748895,0.0,0.23262105259961768,0.18333969940564224,0.0,0.1889822365046136,0.12104550653376046,0.0,0.0,0.0,0.20965696734438366,0.0,0.0944911182523068,0.0,0.0,0.09166984970282112,0.0,0.0,0.1951800145897066,1.0,0.0,0.0,0.0,0.0,0.0,0.3779644730092272,0.0,0.0,0.0,0.0,0.0,0.0,0.0,0.0,0.0,0.08058229640253803,0.1403724812687193,0.33806170189140655,0.05832118435198043,0.11952286093343936,0.0,0.0,0.08671099695241198,0.0,0.0,0.09523809523809522,0.05572782125753528,0.0,0.0,0.0,0.0,0.0,0.05698028822981897,0.0,0.1543033499620919,0.0,0.0,0.0,0.11396057645963795,0.08247860988423225,0.0,0.0,0.0,0.0,0.0,0.07273929674533079,0.1543033499620919,0.0,0.0,0.0,0.17342199390482396,0.0,0.0472455591261534,0.33942211665106536,0.11396057645963795,0.0,0.1259881576697424,0.0,0.0,0.0,0.16116459280507606,0.3779644730092272,0.0,0.14762034939153687,0.08247860988423225,0.0,0.0,0.0,0.0,0.0,0.3779644730092272,0.0,0.27705425792376603,0.1781741612749496,0.14285714285714285,0.0,0.3779644730092272,0.0,0.0,0.0,0.0,0.0,0.0
0.12909944487358055,0.0,0.0,0.0,0.0,0.0,0.11785113019775793,0.16169041669088866,0.2581988897471611,0.1421338109037403,0.140028008402801,0.1072112534837795,0.0,0.09245003270420486,0.0,0.0,0.0,0.16012815380508716,0.0,0.0,0.0,0.0,0.140028008402801,0.0,0.0,0.14907119849998599,0.0,1.0,0.0,0.0,0.0,0.0,0.0,0.0,0.0,0.0,0.0,0.0,0.0,0.0,0.0,0.0,0.0,0.1072112534837795,0.0,0.0890870806374748,0.0,0.2886751345948129,0.0,0.13245323570650439,0.0,0.0,0.14547859349066158,0.0,0.0,0.0,0.0,0.18257418583505536,0.0,0.08703882797784893,0.0,0.0,0.0,0.0,0.15430334996209194,0.0,0.12598815766974242,0.10050378152592121,0.19245008972987526,0.0,0.0,0.0,0.1111111111111111,0.0,0.0,0.0,0.16012815380508716,0.0,0.5773502691896258,0.14433756729740646,0.10369516947304255,0.0,0.0,0.0,0.0,0.0,0.0,0.12309149097933272,0.0,0.0,0.15032920560056579,0.0,0.0,0.0,0.0,0.0,0.0,0.0,0.0,0.07053456158585983,0.13608276348795434,0.0,0.0,0.0,0.16666666666666669,0.0,0.47140452079103173,0.23570226039551587,0.0,0.0
0.09759000729485333,0.1543033499620919,0.0,0.0,0.21170244960998524,0.0,0.35634832254989923,0.27500954910846337,0.0,0.2954684201426394,0.21170244960998524,0.040522044923655395,0.2182178902359924,0.2795426231258449,0.0,0.06900655593423542,0.0,0.36313651960128146,0.25197631533948484,0.2182178902359924,0.12598815766974242,0.0,0.21170244960998524,0.0,0.0,0.0,0.0,0.0,1.0,0.36004114991154784,0.0,0.0,0.0,0.0,0.08908708063747481,0.0,0.12598815766974242,0.0,0.0,0.0,0.12598815766974242,0.0,0.18609684207969418,0.3646984043128985,0.0,0.37038926633581065,0.13801311186847084,0.0,0.0,0.2503130871608794,0.0,0.0,0.219942959691286,0.09652341781316803,0.0,0.0,0.0,0.13801311186847084,0.0,0.23028309323591917,0.0,0.0,0.0,0.2182178902359924,0.17496355305594133,0.0,0.2857142857142857,0.2279211529192759,0.29095718698132317,0.0,0.0,0.0,0.20998026278290402,0.2672612419124244,0.0,0.0,0.18156825980064073,0.20025046972870353,0.0,0.1091089451179962,0.3135447206678483,0.1315903389919538,0.25197631533948484,0.14547859349066158,0.0,0.0,0.35634832254989923,0.27914526311954124,0.0,0.0,0.2556859453772113,0.09523809523809523,0.0,0.0,0.0,0.0,0.0,0.0,0.2182178902359924,0.26659558398736394,0.2057377999494559,0.08247860988423225,0.0,0.0,0.314970394174356,0.0,0.08908708063747481,0.0,0.0,0.0
0.15811388300841897,0.0,0.0,0.13608276348795434,0.17149858514250885,0.0,0.14433756729740646,0.26403934479377983,0.10540925533894598,0.26111648393354675,0.3429971702850177,0.13130643285972257,0.11785113019775793,0.1887128390240993,0.0,0.0,0.0,0.35954624775333743,0.2721655269759087,0.11785113019775793,0.0,0.0,0.1143323900950059,0.0,0.0,0.06085806194501846,0.0,0.0,0.36004114991154784,1.0,0.0,0.23570226039551587,0.0,0.0,0.0,0.23570226039551584,0.13608276348795434,0.16666666666666666,0.0,0.0,0.18144368465060579,0.0,0.0,0.3501504876259269,0.10540925533894598,0.3273268353539886,0.29814239699997197,0.11785113019775793,0.0,0.16222142113076254,0.23570226039551587,0.0,0.11878277418329973,0.10425720702853739,0.21081851067789195,0.3333333333333333,0.16666666666666666,0.14907119849998599,0.29814239699997197,0.24873416908154555,0.0,0.09622504486493764,0.23570226039551587,0.23570226039551587,0.25197631533948484,0.0,0.10286889997472795,0.12309149097933274,0.15713484026367722,0.0,0.0,0.0,0.09072184232530289,0.1924500897298753,0.0,0.0,0.2614881801842454,0.10814761408717503,0.0,0.1767766952966369,0.29633362966711124,0.07106690545187015,0.0,0.15713484026367722,0.3333333333333333,0.0,0.1924500897298753,0.20100756305184242,0.0,0.0,0.30685820596610786,0.051434449987363975,0.0,0.0,0.0,0.0,0.0,0.0,0.0,0.17277368511627203,0.27777777777777785,0.0,0.0,0.0,0.4082482904638631,0.16666666666666666,0.0,0.0,0.0,0.11785113019775793
0.0,0.0,1.0,0.0,0.0,0.0,0.0,0.14002800840280097,0.4472135954999579,0.12309149097933272,0.24253562503633297,0.18569533817705186,0.5,0.0,0.0,0.31622776601683794,0.0,0.1386750490563073,0.0,0.0,0.0,0.0,0.0,0.0,0.0,0.0,0.0,0.0,0.0,0.0,1.0,0.0,0.0,0.0,0.0,0.3333333333333333,0.0,0.0,0.0,0.0,0.0,1.0,0.0,0.18569533817705186,0.0,0.1543033499620919,0.0,0.0,1.0,0.0,0.0,0.0,0.1259881576697424,0.14744195615489714,0.0,0.0,0.0,0.0,0.0,0.15075567228888181,0.0,0.0,0.0,0.0,0.0,0.0,0.0,0.0,0.0,0.0,0.0,1.0,0.19245008972987526,0.0,0.0,0.0,0.0,0.0,0.0,0.125,0.0,0.0,0.0,0.0,0.0,0.0,0.0,0.21320071635561041,0.0,0.0,0.13018891098082389,0.0,0.0,0.0,0.0,1.0,0.0,0.0,0.0,0.0,0.23570226039551587,0.0,0.0,0.0,0.0,0.0,0.0,0.0,0.0,0.0
0.0,0.0,0.0,0.0,0.0,0.0,0.0,0.0,0.0,0.12309149097933272,0.0,0.0,0.0,0.0,0.0,0.0,0.0,0.1386750490563073,0.0,0.0,0.0,0.0,0.0,0.0,0.0,0.0,0.0,0.0,0.0,0.23570226039551587,0.0,1.0,0.0,0.0,0.0,0.0,0.0,0.0,0.0,0.0,0.0,0.0,0.0,0.18569533817705186,0.0,0.0,0.0,0.0,0.0,0.0,0.0,0.0,0.1259881576697424,0.0,0.4472135954999579,0.0,0.0,0.0,0.31622776601683794,0.15075567228888181,0.0,0.0,0.0,0.0,0.2672612419124244,0.0,0.0,0.0,0.0,0.0,0.0,0.0,0.0,0.0,0.0,0.0,0.0,0.0,0.0,0.0,0.0,0.0,0.0,0.0,0.0,0.0,0.0,0.0,0.0,0.0,0.0,0.0,0.0,0.0,0.0,0.0,0.0,0.0,0.0,0.12216944435630522,0.0,0.0,0.0,0.0,0.0,0.35355339059327373,0.0,0.0,0.0,0.0
0.22360679774997896,0.0,0.0,0.0,0.0,0.0,0.20412414523193154,0.14002800840280097,0.0,0.12309149097933272,0.24253562503633297,0.0,0.5,0.0,0.0,0.0,0.0,0.0,0.0,0.0,0.0,0.0,0.0,0.0,0.0,0.0,0.3779644730092272,0.0,0.0,0.0,0.0,0.0,1.0,0.0,0.0,0.0,0.0,0.0,0.0,0.0,0.0,0.0,0.0,0.0,0.0,0.0,0.0,0.0,0.0,0.0,0.0,0.0,0.1259881576697424,0.0,0.0,0.0,0.0,0.0,0.0,0.0,0.0,0.0,0.0,0.0,0.0,0.0,0.0,0.0,0.0,0.0,0.0,0.0,0.0,0.0,0.0,0.0,0.0,0.0,0.0,0.0,0.1796053020267749,0.0,0.0,0.0,0.0,0.0,0.0,0.0,0.0,0.0,0.13018891098082389,0.0,0.0,0.0,0.0,0.0,0.0,0.0,0.0,0.12216944435630522,0.0,0.0,0.0,0.0,0.0,0.0,0.0,0.0,0.0,0.0
0.22360679774997896,0.0,0.0,0.0,0.0,0.0,0.0,0.14002800840280097,0.0,0.12309149097933272,0.24253562503633297,0.0,0.0,0.0,0.0,0.0,0.0,0.1386750490563073,0.0,0.0,0.0,0.0,0.0,0.0,0.0,0.0,0.0,0.0,0.0,0.0,0.0,0.0,0.0,1.0,0.0,0.0,0.0,0.0,0.0,0.0,0.0,0.0,0.0,0.0,0.0,0.0,0.0,0.0,0.0,0.0,0.0,0.0,0.0,0.0,0.0,0.0,0.0,0.0,0.0,0.15075567228888181,0.0,0.0,0.0,0.0,0.0,0.30151134457776363,0.0,0.0,0.0,0.0,0.0,0.0,0.0,0.0,0.0,0.0,0.0,0.0,0.0,0.0,0.0,0.30151134457776363,0.0,0.0,0.0,0.0,0.0,0.0,0.0,0.0,0.13018891098082389,0.0,0.5,0.0,0.0,0.0,0.0,0.0,0.0,0.12216944435630522,0.0,0.0,0.0,0.0,0.0,0.0,0.0,0.0,0.0,0.0
0.0,0.0,0.0,0.23570226039551587,0.09901475429766744,0.0,0.25000000000000006,0.1143323900950059,0.0,0.30151134457776363,0.09901475429766744,0.07580980435789035,0.0,0.3922322702763681,0.4082482904638631,0.12909944487358058,0.0,0.16984155512168939,0.23570226039551587,0.10206207261596577,0.0,0.0,0.09901475429766744,0.0,0.0,0.21081851067789195,0.0,0.0,0.08908708063747481,0.0,0.0,0.0,0.0,0.0,1.0,0.0,0.0,0.0,0.0,0.0,0.07856742013183861,0.0,0.08703882797784893,0.07580980435789035,0.0,0.18898223650461363,0.0,0.0,0.0,0.0,0.0,0.0,0.1543033499620919,0.1203858530857692,0.0,0.0,0.0,0.0,0.12909944487358058,0.061545745489666376,0.0,0.0,0.0,0.0,0.0,0.0,0.08908708063747481,0.07106690545187015,0.13608276348795434,0.4082482904638631,0.4082482904638631,0.0,0.07856742013183861,0.16666666666666669,0.0,0.0,0.11322770341445959,0.0,0.0,0.20412414523193154,0.1466471150213533,0.12309149097933275,0.0,0.0,0.0,0.0,0.16666666666666669,0.17407765595569785,0.0,0.0,0.265747001726367,0.08908708063747481,0.20412414523193154,0.0,0.23570226039551587,0.0,0.0,0.0,0.0,0.19950186722152657,0.09622504486493764,0.0,0.0,0.0,0.0,0.14433756729740646,0.16666666666666669,0.33333333333333337,0.2886751345948129,0.0
0.0,0.0,0.3333333333333333,0.0,0.08084520834544433,0.0,0.0,0.140028008402801,0.14907119849998599,0.24618298195866545,0.242535625036333,0.1856953381770519,0.16666666666666666,0.10675210253672475,0.0,0.10540925533894598,0.0,0.1386750490563073,0.0,0.0,0.0,0.0,0.0,0.0,0.0,0.17213259316477406,0.0,0.0,0.0,0.23570226039551584,0.3333333333333333,0.0,0.0,0.0,0.0,1.0,0.19245008972987526,0.2357022603955158,0.0,0.0,0.06415002990995841,0.3333333333333333,0.0,0.12379689211803459,0.14907119849998599,0.05143444998736397,0.0,0.0,0.3333333333333333,0.07647191129018724,0.0,0.0,0.25197631533948484,0.0982946374365981,0.14907119849998599,0.2357022603955158,0.2357022603955158,0.0,0.21081851067789195,0.20100756305184242,0.3333333333333333,0.13608276348795434,0.3333333333333333,0.0,0.0,0.10050378152592121,0.0,0.11605177063713189,0.0,0.0,0.0,0.3333333333333333,0.12830005981991682,0.0,0.0,0.14907119849998599,0.09245003270420486,0.0,0.0,0.25,0.05986843400892498,0.0,0.0,0.0,0.0,0.0,0.0,0.07106690545187015,0.0,0.0,0.21698151830137313,0.14547859349066158,0.0,0.0,0.0,0.3333333333333333,0.0,0.0,0.0,0.16289259247507362,0.15713484026367722,0.0,0.0,0.0,0.19245008972987526,0.1178511301977579,0.0,0.0,0.0,0.0
